0.003654
0.107706
0.199631
0.269445
0.311214
0.324225
0.312743
0.283892
0.244026
0.194916
0.131714
0.044333
-0.077497
-0.237076
-0.424497
-0.614546
-0.770617
-0.854093
-0.836201
-0.707998
-0.484550
-0.201501
0.094872
0.360484
0.564506
0.694871
0.756883
0.766370
0.740937
0.693192
0.628425
0.546739
0.447362
0.332008
0.205046
0.070511
-0.071700
-0.227161
-0.403541
-0.603045
-0.814127
-1.007408
-1.139601
-1.165753
-1.055829
-0.808813
-0.457699
-0.062204
0.308668
0.597526
0.774621
0.842829
0.830371
0.775418
0.709929
0.649617
0.593348
0.530393
0.450330
0.349834
0.233049
0.106352
-0.028345
-0.176746
-0.348880
-0.550336
-0.772476
-0.987342
-1.151180
-1.216550
-1.148775
-0.940061
-0.615241
-0.226417
0.161660
0.489976
0.720576
0.843632
0.874607
0.843795
0.783160
0.715730
0.651029
0.587040
0.516419
0.433219
0.336678
0.230530
0.118695
0.000235
-0.132964
-0.293462
-0.490587
-0.720726
-0.960279
-1.165804
-1.283355
-1.265109
-1.087617
-0.764241
-0.345791
0.092300
0.472316
0.737903
0.869789
0.887457
0.836477
0.767269
0.714524
0.685866
0.663815
0.619103
0.528398
0.387980
0.217156
0.050149
-0.079585
-0.155397
-0.186534
-0.205966
-0.257326
-0.375806
-0.570549
-0.815824
-1.055290
-1.218774
-1.246020
-1.108652
-0.821673
-0.439498
-0.037591
0.313140
0.568729
0.722167
0.797401
0.831115
0.851741
0.866166
0.860273
0.811940
0.708423
0.557713
0.386977
0.228587
0.101542
-0.000865
-0.109285
-0.262085
-0.482258
-0.759183
-1.044965
-1.268114
-1.358982
-1.275926
-1.021098
-0.639839
-0.204925
0.207015
0.537390
0.758287
0.872963
0.906227
0.890033
0.850306
0.799524
0.736703
0.653459
0.542539
0.404520
0.249358
0.092010
-0.055551
-0.191452
-0.325609
-0.473906
-0.646803
-0.837842
-1.018516
-1.143585
-1.165965
-1.055357
-0.812366
-0.471446
-0.090965
0.265491
0.548590
0.735579
0.831183
0.858243
0.843610
0.806217
0.752253
0.678329
0.579508
0.457017
0.321115
0.187449
0.068850
-0.032927
-0.130544
-0.246649
-0.402458
-0.603896
-0.831819
-1.041960
-1.176462
-1.183705
-1.038822
-0.756088
-0.387155
-0.004970
0.320446
0.544389
0.658830
0.688585
0.675153
0.656518
0.652450
0.661259
0.667607
0.655287
0.616833
0.554521
0.473048
0.369645
0.229353
0.030425
-0.241243
-0.575759
-0.930501
-1.235803
-1.415058
-1.411825
-1.212336
-0.853173
-0.410228
0.026615
0.382433
0.618048
0.735107
0.765344
0.750790
0.724819
0.702060
0.679806
0.647499
0.597302
0.529279
0.448643
0.357634
0.248022
0.100175
-0.108843
-0.390799
-0.732219
-1.088355
-1.389967
-1.562146
-1.548787
-1.333221
-0.946455
-0.459191
0.039669
0.469837
0.781484
0.964185
1.040608
1.049102
1.023767
0.980958
0.917511
0.819961
0.678657
0.498496
0.300173
0.111105
-0.048965
-0.179466
-0.300517
-0.442405
-0.627439
-0.853087
-1.085357
-1.266822
-1.336651
-1.254137
-1.015408
-0.656173
-0.239860
0.163127
0.496037
0.728529
0.858348
0.903890
0.892781
0.851612
0.799663
0.746685
0.693374
0.633323
0.556165
0.451935
0.315897
0.151851
-0.028339
-0.209670
-0.381260
-0.541477
-0.696790
-0.853443
-1.005870
-1.129109
-1.181670
-1.120252
-0.920729
-0.594997
-0.193907
0.207188
0.534882
0.744132
0.832081
0.832903
0.796823
0.764369
0.748831
0.734998
0.693351
0.600834
0.456479
0.283579
0.117773
-0.012074
-0.099700
-0.165541
-0.246742
-0.377824
-0.571127
-0.806141
-1.032706
-1.186972
-1.213713
-1.086254
-0.816481
-0.451523
-0.058777
0.294824
0.561688
0.724147
0.793817
0.801159
0.780215
0.754876
0.731814
0.702073
0.649529
0.561643
0.437260
0.287798
0.131454
-0.016544
-0.152481
-0.286621
-0.437351
-0.618863
-0.827827
-1.035942
-1.193411
-1.243772
-1.145109
-0.888938
-0.508182
-0.069797
0.345743
0.670020
0.866821
0.938907
0.919576
0.854009
0.779545
0.713574
0.653162
0.584427
0.495118
0.383136
0.256814
0.127779
0.001396
-0.128981
-0.279879
-0.467921
-0.696788
-0.947379
-1.176696
-1.327425
-1.345647
-1.200409
-0.897554
-0.481889
-0.025912
0.391459
0.708552
0.897998
0.970569
0.964471
0.925048
0.884081
0.848004
0.800039
0.714285
0.573786
0.382590
0.165128
-0.046659
-0.231003
-0.388228
-0.539166
-0.709786
-0.909853
-1.117594
-1.280102
-1.331335
-1.220270
-0.935954
-0.517094
-0.041101
0.402649
0.743186
0.948586
1.028831
1.021703
0.970300
0.903695
0.829239
0.738166
0.619162
0.471040
0.307039
0.148516
0.011988
-0.102645
-0.215142
-0.356063
-0.549138
-0.793090
-1.052493
-1.263859
-1.356335
-1.279206
-1.024342
-0.633069
-0.183455
0.237093
0.562072
0.765664
0.863722
0.896844
0.905030
0.907152
0.895174
0.844641
0.734024
0.560973
0.345931
0.121375
-0.086282
-0.270647
-0.445984
-0.633399
-0.840319
-1.045643
-1.200490
-1.246017
-1.140181
-0.879816
-0.506347
-0.091705
0.288749
0.582985
0.776044
0.885349
0.941996
0.969395
0.971056
0.933194
0.838954
0.684428
0.486020
0.274280
0.077731
-0.093448
-0.253459
-0.431775
-0.652663
-0.914020
-1.177404
-1.376021
-1.438456
-1.317926
-1.013767
-0.575329
-0.086466
0.362510
0.703442
0.908076
0.989032
0.985713
0.942923
0.892034
0.842130
0.783199
0.697867
0.574711
0.416277
0.238102
0.059811
-0.106536
-0.264077
-0.429766
-0.623372
-0.851389
-1.093850
-1.301802
-1.409144
-1.355943
-1.114352
-0.705780
-0.200558
0.301579
0.703508
0.942607
1.009412
0.945455
0.821671
0.707257
0.642704
0.628270
0.631547
0.608801
0.528729
0.387001
0.205342
0.017100
-0.151984
-0.297045
-0.434201
-0.587453
-0.769409
-0.966206
-1.135138
-1.217345
-1.160674
-0.942844
-0.584694
-0.147471
0.285134
0.633294
0.845545
0.912368
0.864238
0.755706
0.642378
0.560142
0.514766
0.485457
0.439997
0.353990
0.224925
0.074171
-0.064209
-0.162253
-0.214692
-0.244111
-0.290824
-0.391498
-0.556816
-0.759777
-0.941518
-1.033097
-0.983683
-0.782245
-0.462913
-0.092043
0.256517
0.526482
0.693983
0.767511
0.775544
0.749583
0.710911
0.665995
0.610310
0.536477
0.441505
0.329607
0.210067
0.092099
-0.020262
-0.130728
-0.249539
-0.388649
-0.554758
-0.742488
-0.930439
-1.082596
-1.156097
-1.114041
-0.939365
-0.644349
-0.271035
0.118977
0.462403
0.713184
0.854815
0.901058
0.885115
0.842556
0.796061
0.748856
0.689141
0.602143
0.482547
0.340104
0.195068
0.065979
-0.043125
-0.148101
-0.278252
-0.459911
-0.697710
-0.963389
-1.199173
-1.336001
-1.319548
-1.132677
-0.804072
-0.398908
0.004360
0.340781
0.577720
0.718433
0.790652
0.827315
0.849446
0.858918
0.843009
0.786502
0.683841
0.544814
0.391409
0.248283
0.132151
0.045201
-0.025049
-0.100211
-0.202643
-0.347243
-0.535455
-0.752353
-0.967215
-1.138020
-1.220065
-1.177720
-0.996475
-0.690917
-0.304545
0.100119
0.458616
0.722766
0.872841
0.918870
0.891043
0.824099
0.743128
0.657021
0.561523
0.448803
0.317269
0.175734
0.039642
-0.078169
-0.176312
-0.267484
-0.372295
-0.506659
-0.668969
-0.834038
-0.957939
-0.992769
-0.905455
-0.692519
-0.384202
-0.035944
0.289351
0.540985
0.694290
0.753715
0.745113
0.701636
0.649789
0.601324
0.553306
0.494746
0.415457
0.312396
0.190684
0.059597
-0.073495
-0.207323
-0.346264
-0.495124
-0.651774
-0.801721
-0.918141
-0.968431
-0.925216
-0.777422
-0.536628
-0.235753
0.079619
0.363895
0.583191
0.721894
0.782407
0.779427
0.732181
0.658176
0.570398
0.477610
0.385720
0.298112
0.214238
0.127645
0.025822
-0.106280
-0.279102
-0.490232
-0.719016
-0.927565
-1.069241
-1.102403
-1.004518
-0.781125
-0.465894
-0.111508
0.225277
0.498862
0.684933
0.782447
0.807858
0.784961
0.734990
0.670843
0.596891
0.513077
0.420091
0.322231
0.226105
0.135833
0.047655
-0.052285
-0.184310
-0.365828
-0.599432
-0.863883
-1.113204
-1.286343
-1.325463
-1.196621
-0.904634
-0.495371
-0.043432
0.370759
0.685666
0.875325
0.951504
0.951228
0.916104
0.873330
0.827003
0.762798
0.662189
0.517624
0.339937
0.153898
-0.015356
-0.156925
-0.280880
-0.412393
-0.575575
-0.775278
-0.986809
-1.159829
-1.235632
-1.170288
-0.953180
-0.612783
-0.207634
0.192879
0.529358
0.766680
0.897559
0.936397
0.908108
0.837505
0.743025
0.635613
0.521163
0.403852
0.288186
0.178780
0.078274
-0.015272
-0.109731
-0.217483
-0.350608
-0.513692
-0.696852
-0.872611
-0.999590
-1.033600
-0.943211
-0.724008
-0.405050
-0.043498
0.291884
0.542634
0.679295
0.709197
0.670009
0.611773
0.575120
0.574926
0.596182
0.603407
0.558961
0.441781
0.258041
0.038972
-0.172911
-0.342594
-0.457297
-0.529970
-0.589684
-0.663537
-0.759108
-0.856568
-0.915037
-0.890669
-0.757875
-0.523220
-0.224998
0.081360
0.344780
0.536392
0.655457
0.721638
0.759092
0.781743
0.787626
0.764414
0.701575
0.600919
0.478566
0.356789
0.250422
0.156058
0.051066
-0.095761
-0.306391
-0.577108
-0.871734
-1.128585
-1.279149
-1.271455
-1.089187
-0.759329
-0.345506
0.070618
0.413467
0.634992
0.726249
0.715435
0.653471
0.592750
0.567239
0.581504
0.612503
0.622511
0.576778
0.457702
0.269534
0.032771
-0.227195
-0.489859
-0.742050
-0.972258
-1.161570
-1.278745
-1.285043
-1.148740
-0.862964
-0.457229
0.004863
0.442800
0.784634
0.989668
1.058326
1.025352
0.940464
0.846239
0.763447
0.689338
0.607409
0.501588
0.366549
0.209115
0.041382
-0.128994
-0.304546
-0.495545
-0.710027
-0.941579
-1.161958
-1.323769
-1.373786
-1.272265
-1.010331
-0.617651
-0.156391
0.296824
0.674004
0.934692
1.073225
1.112179
1.086051
1.023560
0.936976
0.822825
0.671961
0.482074
0.264632
0.041916
-0.164029
-0.343515
-0.504291
-0.665272
-0.841287
-1.026973
-1.189407
-1.275216
-1.230545
-1.025423
-0.671172
-0.222285
0.238848
0.628291
0.887108
0.997516
0.982951
0.893407
0.783300
0.691445
0.630732
0.590084
0.545737
0.475200
0.367050
0.222712
0.051039
-0.139668
-0.346397
-0.569402
-0.804218
-1.032725
-1.219683
-1.318966
-1.288635
-1.108821
-0.793929
-0.392556
0.026006
0.393461
0.663248
0.821669
0.885484
0.888353
0.863390
0.829999
0.790175
0.734220
0.651314
0.538613
0.404113
0.262321
0.125612
-0.003670
-0.135782
-0.288812
-0.478163
-0.704689
-0.947030
-1.162358
-1.296572
-1.301015
-1.149733
-0.850502
-0.444960
0.002545
0.423161
0.761730
0.988291
1.099599
1.112038
1.050757
0.940510
0.801259
0.648021
0.491875
0.339249
0.189115
0.030807
-0.153677
-0.380958
-0.653434
-0.948475
-1.216718
-1.393182
-1.418742
-1.263565
-0.941942
-0.510950
-0.052512
0.353867
0.656057
0.841468
0.932150
0.966618
0.978042
0.979375
0.961608
0.904238
0.790849
0.620661
0.409807
0.182280
-0.043492
-0.263947
-0.489340
-0.732053
-0.990396
-1.237323
-1.421753
-1.484092
-1.380090
-1.102249
-0.688329
-0.212085
0.240484
0.599296
0.830765
0.942525
0.971558
0.962496
0.946732
0.931575
0.902939
0.838224
0.721464
0.552630
0.346944
0.125767
-0.094857
-0.310971
-0.528641
-0.753991
-0.980905
-1.183670
-1.319737
-1.342817
-1.221220
-0.953227
-0.572147
-0.138154
0.279965
0.625437
0.867826
1.005674
1.057818
1.049073
0.998016
0.912468
0.793240
0.641798
0.465535
0.276538
0.084636
-0.109970
-0.318020
-0.553263
-0.818049
-1.090354
-1.321054
-1.445908
-1.409040
-1.187865
-0.807367
-0.335854
0.137040
0.530735
0.799011
0.939375
0.983634
0.975893
0.949759
0.915802
0.863995
0.777506
0.648475
0.486134
0.312758
0.150365
0.006584
-0.131292
-0.289644
-0.491976
-0.740907
-1.008437
-1.240285
-1.373249
-1.358221
-1.178905
-0.858481
-0.452072
-0.028976
0.347696
0.636316
0.822511
0.915338
0.937325
0.913228
0.861643
0.791595
0.704011
0.596332
0.467719
0.322370
0.169389
0.019185
-0.121788
-0.254923
-0.389069
-0.534739
-0.694835
-0.856420
-0.988740
-1.050456
-1.004605
-0.835332
-0.558447
-0.219866
0.118604
0.400474
0.593340
0.696722
0.735714
0.744194
0.746441
0.746375
0.729246
0.673784
0.567272
0.414791
0.237455
0.060904
-0.099051
-0.244983
-0.395021
-0.569357
-0.772862
-0.983293
-1.152339
-1.220672
-1.141296
-0.901057
-0.530509
-0.097140
0.315835
0.636675
0.827330
0.891924
0.868709
0.809729
0.757452
0.728463
0.710766
0.674766
0.591771
0.450552
0.263767
0.061338
-0.125446
-0.280423
-0.410500
-0.540126
-0.694490
-0.879871
-1.071798
-1.218354
-1.258676
-1.148938
-0.883845
-0.503217
-0.080007
0.305333
0.592876
0.761492
0.830017
0.842002
0.842085
0.855179
0.877560
0.882751
0.838143
0.723666
0.543502
0.325567
0.109374
-0.071825
-0.206172
-0.308364
-0.411944
-0.551517
-0.742399
-0.966940
-1.174530
-1.296820
-1.273029
-1.075243
-0.722824
-0.279075
0.169183
0.540913
0.786776
0.900911
0.914461
0.875216
0.823902
0.778422
0.732424
0.666696
0.565336
0.426870
0.264336
0.095359
-0.070586
-0.238868
-0.425186
-0.641570
-0.880742
-1.108412
-1.269386
-1.306254
-1.182630
-0.900277
-0.502047
-0.059198
0.351313
0.669908
0.868812
0.953400
0.952082
0.900778
0.829149
0.753524
0.677436
0.597092
0.507418
0.405208
0.288349
0.152854
-0.009054
-0.207023
-0.446226
-0.718900
-0.998172
-1.238588
-1.385400
-1.390721
-1.230950
-0.918251
-0.500541
-0.048915
0.363155
0.680803
0.880692
0.971313
0.981809
0.945509
0.886194
0.812846
0.723675
0.615182
0.489687
0.356299
0.224777
0.096571
-0.040343
-0.207872
-0.425340
-0.693621
-0.984334
-1.241293
-1.395873
-1.391117
-1.204446
-0.858702
-0.416161
0.042167
0.442922
0.741108
0.926954
1.017794
1.041026
1.017844
0.955808
0.852494
0.705894
0.523667
0.324591
0.130915
-0.043642
-0.202228
-0.363203
-0.547820
-0.763083
-0.989221
-1.179639
-1.275220
-1.227426
-1.019830
-0.677952
-0.262597
0.150468
0.495521
0.735852
0.869385
0.920201
0.921612
0.899608
0.864091
0.810474
0.728620
0.612688
0.465868
0.297719
0.116701
-0.076416
-0.288894
-0.528530
-0.791744
-1.054147
-1.270241
-1.384767
-1.352232
-1.156366
-0.820384
-0.402640
0.021241
0.382416
0.639021
0.784467
0.841485
0.846063
0.829509
0.806809
0.775490
0.723754
0.642261
0.532854
0.409748
0.292898
0.197278
0.123655
0.055662
-0.035030
-0.177159
-0.386374
-0.655051
-0.949490
-1.215983
-1.394225
-1.434049
-1.310321
-1.031273
-0.637489
-0.191708
0.237502
0.593018
0.841882
0.979516
1.024567
1.007050
0.954947
0.884825
0.799990
0.695950
0.569364
0.424849
0.275272
0.134909
0.009342
-0.111425
-0.250987
-0.434554
-0.671619
-0.942070
-1.194226
-1.358317
-1.371278
-1.202518
-0.868810
-0.430918
0.027065
0.426569
0.718802
0.894261
0.974896
0.994789
0.980220
0.939119
0.863871
0.743846
0.578863
0.384928
0.188535
0.012836
-0.135987
-0.273429
-0.428343
-0.624592
-0.861599
-1.104269
-1.288978
-1.344911
-1.222452
-0.916358
-0.473038
0.022104
0.472556
0.802416
0.978863
1.016598
0.963701
0.876512
0.795537
0.732871
0.675230
0.598707
0.485932
0.336051
0.162839
-0.016586
-0.194468
-0.377832
-0.582210
-0.816381
-1.066653
-1.290481
-1.425070
-1.409064
-1.208340
-0.834160
-0.344805
0.170837
0.621194
0.939950
1.102950
1.128408
1.062248
0.956410
0.849727
0.758303
0.676944
0.588090
0.472394
0.316102
0.113697
-0.132537
-0.413079
-0.710142
-0.995847
-1.232455
-1.377339
-1.393068
-1.259651
-0.983786
-0.600428
-0.165044
0.260821
0.625006
0.895277
1.061698
1.131632
1.121368
1.048971
0.930921
0.781930
0.615169
0.440497
0.260761
0.069081
-0.149014
-0.406843
-0.703703
-1.014242
-1.287208
-1.457193
-1.466591
-1.288966
-0.942976
-0.489488
-0.012207
0.409950
0.726476
0.924864
1.023418
1.052963
1.038181
0.988211
0.899892
0.769259
0.602236
0.416607
0.233429
0.063403
-0.102245
-0.288762
-0.522078
-0.807606
-1.115455
-1.381756
-1.528079
-1.491451
-1.251487
-0.841815
-0.340176
0.158405
0.573286
0.860978
1.020363
1.080563
1.079645
1.045599
0.988124
0.902934
0.783267
0.630076
0.454220
0.269733
0.083273
-0.112346
-0.334706
-0.598463
-0.898618
-1.199978
-1.440447
-1.549230
-1.473321
-1.200709
-0.769397
-0.257402
0.242402
0.651840
0.928945
1.073177
1.114164
1.091258
1.034669
0.956592
0.854469
0.721754
0.558110
0.372484
0.177791
-0.018307
-0.219269
-0.436914
-0.680149
-0.941128
-1.187366
-1.366049
-1.420660
-1.313327
-1.042649
-0.648286
-0.199610
0.226848
0.571276
0.805677
0.934690
0.983667
0.981338
0.946143
0.882303
0.785873
0.655446
0.499959
0.338188
0.189796
0.063210
-0.051937
-0.181995
-0.355811
-0.586392
-0.856966
-1.119412
-1.307422
-1.359669
-1.243185
-0.966806
-0.579026
-0.151633
0.243430
0.554315
0.759390
0.865243
0.896004
0.880148
0.840416
0.789472
0.730735
0.661924
0.578976
0.479080
0.362608
0.233899
0.100497
-0.029559
-0.151938
-0.269783
-0.394256
-0.539800
-0.714743
-0.911037
-1.098848
-1.230603
-1.255063
-1.136779
-0.872683
-0.497779
-0.076276
0.318910
0.629856
0.830378
0.928956
0.957425
0.951670
0.933989
0.905330
0.850187
0.750301
0.598929
0.407531
0.201194
0.005501
-0.167442
-0.325340
-0.489841
-0.680602
-0.897396
-1.110263
-1.264400
-1.299275
-1.174083
-0.887808
-0.484132
-0.038289
0.368575
0.676195
0.861531
0.938511
0.943118
0.912539
0.868971
0.815061
0.741049
0.637330
0.503913
0.350997
0.190971
0.027818
-0.148146
-0.355212
-0.606182
-0.892477
-1.175858
-1.394194
-1.480820
-1.389949
-1.116898
-0.703700
-0.227055
0.226480
0.587679
0.823164
0.938606
0.967067
0.949241
0.915126
0.874805
0.820893
0.739416
0.622207
0.473931
0.310254
0.148690
-0.002271
-0.149068
-0.309752
-0.502080
-0.728531
-0.966191
-1.167919
-1.276151
-1.244476
-1.057684
-0.740884
-0.352862
0.034005
0.358536
0.589304
0.729109
0.804488
0.846635
0.873903
0.884474
0.861781
0.788218
0.658417
0.484192
0.288528
0.092669
-0.095443
-0.283793
-0.487577
-0.713532
-0.946237
-1.144953
-1.254463
-1.226048
-1.039147
-0.713413
-0.305151
0.110601
0.464471
0.713188
0.847995
0.889073
0.870382
0.823049
0.764710
0.698088
0.616929
0.514116
0.386834
0.236622
0.065961
-0.124667
-0.335878
-0.564194
-0.795567
-1.002247
-1.146503
-1.191122
-1.112724
-0.911885
-0.615112
-0.267424
0.081278
0.390070
0.635343
0.810978
0.921920
0.975765
0.977296
0.928476
0.832732
0.699566
0.545333
0.388392
0.240627
0.100182
-0.049540
-0.232283
-0.464950
-0.743312
-1.034686
-1.282432
-1.422074
-1.403415
-1.209870
-0.866846
-0.435376
0.006734
0.388824
0.667031
0.832482
0.905936
0.922511
0.913972
0.896284
0.867019
0.812236
0.718091
0.580705
0.409313
0.221554
0.034036
-0.146247
-0.324504
-0.512734
-0.718590
-0.934069
-1.130249
-1.261889
-1.281295
-1.156379
-0.885471
-0.502267
-0.068188
0.345336
0.677856
0.895960
0.998417
1.009275
0.963023
0.889093
0.802567
0.704245
0.588179
0.451056
0.297367
0.137431
-0.019954
-0.174740
-0.336990
-0.519962
-0.727808
-0.944730
-1.132741
-1.241211
-1.225186
-1.064436
-0.774164
-0.401988
-0.012372
0.334420
0.599528
0.772032
0.863594
0.895735
0.887054
0.846520
0.774783
0.670905
0.539323
0.392467
0.247425
0.118596
0.010498
-0.085212
-0.186542
-0.312727
-0.473871
-0.662897
-0.853323
-1.004345
-1.072136
-1.023912
-0.849997
-0.569377
-0.226197
0.122192
0.421687
0.636466
0.756962
0.797905
0.787710
0.754213
0.713214
0.664727
0.597896
0.501194
0.371953
0.219857
0.062533
-0.084141
-0.215185
-0.339344
-0.473127
-0.628459
-0.800304
-0.961285
-1.067311
-1.072839
-0.949442
-0.699338
-0.357593
0.018163
0.366042
0.638362
0.812872
0.893157
0.899867
0.858200
0.787884
0.699486
0.596936
0.482788
0.361886
0.240729
0.123137
0.005498
-0.124354
-0.282394
-0.478870
-0.708153
-0.943317
-1.139275
-1.244643
-1.218515
-1.045696
-0.744162
-0.361425
0.039058
0.396259
0.667804
0.838239
0.917099
0.928876
0.900086
0.849267
0.783629
0.702465
0.604036
0.491178
0.372015
0.255259
0.142971
0.025616
-0.116551
-0.304796
-0.548981
-0.836310
-1.127727
-1.365025
-1.487089
-1.449490
-1.239934
-0.883653
-0.436855
0.028953
0.445857
0.765204
0.965624
1.052291
1.049251
0.988420
0.899023
0.800433
0.699922
0.595289
0.480762
0.353371
0.216651
0.079574
-0.049017
-0.167419
-0.284897
-0.418604
-0.583363
-0.778587
-0.979498
-1.138983
-1.201651
-1.125240
-0.899821
-0.555368
-0.153334
0.234394
0.549632
0.764342
0.882816
0.930411
0.936012
0.917512
0.876707
0.804148
0.689293
0.529356
0.332275
0.113364
-0.111131
-0.329190
-0.534047
-0.721144
-0.883479
-1.008456
-1.078339
-1.074460
-0.983601
-0.804149
-0.549622
-0.248012
0.063417
0.346666
0.572315
0.726302
0.811436
0.842879
0.839501
0.815129
0.773836
0.711339
0.621136
0.501245
0.357038
0.198153
0.031466
-0.144816
-0.340835
-0.566836
-0.820343
-1.075949
-1.284875
-1.387265
-1.333597
-1.106285
-0.731316
-0.273734
0.182045
0.559137
0.811133
0.931974
0.949821
0.909190
0.850334
0.795018
0.743737
0.683451
0.600055
0.488391
0.354847
0.212169
0.070328
-0.070718
-0.221805
-0.397849
-0.606615
-0.838493
-1.062670
-1.232427
-1.298382
-1.225004
-1.004175
-0.660539
-0.246398
0.172189
0.533266
0.794643
0.942253
0.988940
0.965019
0.904789
0.834272
0.764393
0.691200
0.601738
0.482113
0.323997
0.127258
-0.101211
-0.350420
-0.607324
-0.856463
-1.077767
-1.244986
-1.327564
-1.297298
-1.138314
-0.856374
-0.482685
-0.069102
0.324758
0.648049
0.872298
0.996372
1.040857
1.034741
1.000915
0.947392
0.868091
0.751902
0.594329
0.404580
0.203529
0.013261
-0.155925
-0.312912
-0.481797
-0.686667
-0.931912
-1.188547
-1.395463
-1.477989
-1.377484
-1.079306
-0.625825
-0.106994
0.369038
0.713455
0.886469
0.906521
0.835587
0.748138
0.698443
0.700946
0.731343
0.745558
0.705310
0.596688
0.432989
0.242233
0.048171
-0.143273
-0.343838
-0.569105
-0.819290
-1.066492
-1.257090
-1.329878
-1.241891
-0.989375
-0.613379
-0.186909
0.210514
0.519292
0.715753
0.811941
0.841441
0.839597
0.827966
0.809321
0.773343
0.707741
0.607571
0.477629
0.327503
0.163302
-0.017947
-0.226862
-0.472935
-0.752548
-1.040310
-1.289301
-1.441986
-1.448490
-1.285145
-0.965481
-0.538658
-0.075525
0.352287
0.691972
0.920442
1.043207
1.083425
1.067378
1.013538
0.929562
0.816874
0.678230
0.522387
0.362226
0.207206
0.055198
-0.109963
-0.311533
-0.565110
-0.862894
-1.165716
-1.408960
-1.522146
-1.454959
-1.198521
-0.792026
-0.311103
0.157411
0.543407
0.812222
0.966951
1.035252
1.048894
1.027102
0.971719
0.875102
0.734282
0.561534
0.383768
0.230044
0.114010
0.022013
-0.084516
-0.251139
-0.504402
-0.830571
-1.170852
-1.437464
-1.544904
-1.443085
-1.137720
-0.689013
-0.189685
0.267512
0.618581
0.841999
0.953869
0.989721
0.983493
0.953760
0.902035
0.821024
0.705833
0.560726
0.397687
0.228539
0.056389
-0.127359
-0.337443
-0.582723
-0.853815
-1.117448
-1.321687
-1.411166
-1.346534
-1.120091
-0.760993
-0.327788
0.108754
0.485693
0.763395
0.931335
1.003471
1.006568
0.967187
0.902714
0.819285
0.716049
0.592371
0.453548
0.311633
0.180615
0.068261
-0.030930
-0.137048
-0.277974
-0.475852
-0.732063
-1.017845
-1.276399
-1.437911
-1.442963
-1.265315
-0.924217
-0.480285
-0.015980
0.391369
0.692681
0.877039
0.965483
0.993302
0.990459
0.969556
0.925914
0.847469
0.727287
0.570898
0.394475
0.215693
0.043408
-0.127134
-0.310225
-0.518576
-0.751048
-0.985851
-1.183141
-1.296332
-1.287418
-1.140067
-0.865559
-0.499936
-0.094166
0.298614
0.634424
0.885251
1.040368
1.103168
1.085778
1.003961
0.874044
0.712188
0.534918
0.358974
0.198988
0.062975
-0.052354
-0.163201
-0.294452
-0.469259
-0.695578
-0.955470
-1.203173
-1.375033
-1.409288
-1.268777
-0.957348
-0.522570
-0.042711
0.397459
0.732623
0.934474
1.014411
1.011367
0.971004
0.925806
0.884408
0.833740
0.751413
0.621206
0.443617
0.236397
0.025404
-0.168845
-0.341301
-0.503229
-0.672690
-0.859205
-1.050667
-1.210133
-1.285701
-1.230258
-1.022635
-0.680338
-0.257373
0.172599
0.540732
0.804413
0.956456
1.018797
1.024935
1.000580
0.952362
0.869737
0.737883
0.553324
0.332543
0.107829
-0.087982
-0.239434
-0.358269
-0.478082
-0.634835
-0.842436
-1.076399
-1.275590
-1.363437
-1.279993
-1.010088
-0.593919
-0.114504
0.332603
0.673452
0.878335
0.963596
0.973772
0.954593
0.930940
0.900027
0.841215
0.734889
0.578594
0.391022
0.202004
0.034889
-0.107894
-0.247077
-0.414372
-0.631723
-0.892752
-1.156498
-1.357579
-1.428963
-1.327541
-1.051480
-0.642294
-0.171407
0.282508
0.655967
0.914651
1.055161
1.096362
1.065989
0.989084
0.882509
0.755965
0.616418
0.471550
0.329148
0.192583
0.055743
-0.097937
-0.289306
-0.531113
-0.814635
-1.102609
-1.334121
-1.441936
-1.376503
-1.126669
-0.727601
-0.251572
0.215047
0.598960
0.859948
0.996112
1.034008
1.010285
0.954508
0.880712
0.789508
0.676551
0.540425
0.384672
0.213530
0.025760
-0.187355
-0.436231
-0.721071
-1.020275
-1.286969
-1.458233
-1.475231
-1.306358
-0.962955
-0.499786
0.000866
0.455119
0.802529
1.019966
1.119568
1.133588
1.094769
1.022121
0.918146
0.776856
0.596100
0.385777
0.166535
-0.040279
-0.224960
-0.395652
-0.573177
-0.775771
-1.001466
-1.218276
-1.369230
-1.391979
-1.244966
-0.928123
-0.488029
-0.004542
0.435524
0.766212
0.960122
1.029561
1.012678
0.952575
0.879547
0.803716
0.719339
0.616263
0.491058
0.351576
0.212852
0.087196
-0.025459
-0.140923
-0.284796
-0.478851
-0.725491
-0.997800
-1.241041
-1.387007
-1.376965
-1.184502
-0.828605
-0.370600
0.104870
0.517572
0.816579
0.991750
1.067253
1.081182
1.062082
1.014669
0.922004
0.762378
0.530762
0.251735
-0.024963
-0.245460
-0.378794
-0.434918
-0.462339
-0.524374
-0.664697
-0.879464
-1.111080
-1.268407
-1.264959
-1.057441
-0.666486
-0.170108
0.326435
0.729705
0.988095
1.100581
1.103263
1.043515
0.956242
0.853490
0.729902
0.577458
0.398609
0.209264
0.030307
-0.126161
-0.266188
-0.411815
-0.587154
-0.799724
-1.027496
-1.219777
-1.313256
-1.256740
-1.033532
-0.671192
-0.234151
0.197600
0.554515
0.797399
0.923733
0.959372
0.940930
0.897725
0.841370
0.766751
0.662313
0.523118
0.359070
0.193453
0.052224
-0.050386
-0.121883
-0.190760
-0.293780
-0.456341
-0.675239
-0.912849
-1.106948
-1.192976
-1.129327
-0.914357
-0.587412
-0.213621
0.140236
0.427597
0.632305
0.764040
0.843463
0.886237
0.894642
0.860323
0.774970
0.641190
0.476061
0.304571
0.146546
0.005056
-0.136064
-0.302780
-0.513506
-0.762799
-1.015258
-1.214043
-1.301100
-1.240067
-1.031196
-0.711358
-0.339396
0.025928
0.344864
0.604112
0.810588
0.976475
1.104712
1.183216
1.190829
1.111086
0.945248
0.716342
0.460966
0.212782
-0.013150
-0.225858
-0.449565
-0.704156
-0.985168
-1.254627
-1.449146
-1.503022
-1.376176
-1.073818
-0.648385
-0.182604
0.238711
0.555735
0.748548
0.835240
0.856391
0.854510
0.857628
0.872597
0.888212
0.884052
0.839770
0.741148
0.582186
0.364690
0.097336
-0.204716
-0.519958
-0.821518
-1.079773
-1.266523
-1.359738
-1.347529
-1.230300
-1.020595
-0.740787
-0.419215
-0.085618
0.233076
0.515609
0.747259
0.918832
1.024749
1.061722
1.029223
0.931825
0.782042
0.601308
0.417015
0.255267
0.131454
0.042721
-0.033331
-0.131378
-0.283878
-0.504429
-0.776078
-1.050573
-1.260574
-1.341289
-1.253589
-0.999299
-0.622147
-0.193693
0.210109
0.532164
0.748052
0.865749
0.913062
0.919915
0.904266
0.867678
0.801035
0.695565
0.551981
0.382279
0.203457
0.027446
-0.146038
-0.328480
-0.532831
-0.759805
-0.987887
-1.173629
-1.263966
-1.216160
-1.016651
-0.689958
-0.292968
0.103402
0.437389
0.674486
0.813157
0.876805
0.897056
0.897067
0.882663
0.844477
0.768219
0.646225
0.483347
0.294148
0.093801
-0.110970
-0.324468
-0.555506
-0.804816
-1.053631
-1.260964
-1.373065
-1.342223
-1.146828
-0.803310
-0.364079
0.097961
0.511564
0.826502
1.022694
1.107100
1.102242
1.033373
0.920416
0.776748
0.612380
0.436928
0.258982
0.082205
-0.098069
-0.293259
-0.513293
-0.754777
-0.992276
-1.179312
-1.261335
-1.196381
-0.974215
-0.624405
-0.208687
0.199371
0.538116
0.774331
0.906093
0.952928
0.940442
0.888240
0.806376
0.699366
0.572041
0.431254
0.281613
0.119032
-0.071156
-0.306837
-0.593970
-0.911529
-1.206614
-1.405829
-1.440556
-1.275475
-0.926607
-0.459371
0.033271
0.462762
0.772504
0.949388
1.016294
1.011953
0.969803
0.906000
0.820098
0.704445
0.554258
0.371806
0.163402
-0.066518
-0.317917
-0.590534
-0.873886
-1.138429
-1.335290
-1.408023
-1.313241
-1.041283
-0.626689
-0.142213
0.322537
0.689472
0.915663
1.002537
0.987482
0.922591
0.850771
0.789958
0.731713
0.653167
0.534865
0.374509
0.189292
0.005954
-0.155432
-0.294179
-0.430026
-0.590594
-0.791071
-1.017025
-1.220675
-1.334658
-1.298367
-1.084999
-0.716316
-0.257697
0.204521
0.592926
0.862540
1.008228
1.054772
1.036939
0.980957
0.896462
0.781084
0.632317
0.457696
0.276131
0.109380
-0.030864
-0.151693
-0.276976
-0.434149
-0.635896
-0.866327
-1.079683
-1.213809
-1.213420
-1.053188
-0.750393
-0.361253
0.037768
0.375844
0.610034
0.734908
0.776429
0.774032
0.759968
0.745710
0.721271
0.666521
0.567468
0.428019
0.270333
0.123291
0.005478
-0.087386
-0.182405
-0.315284
-0.508221
-0.751233
-0.997450
-1.176476
-1.220924
-1.094381
-0.807896
-0.417334
-0.002942
0.359342
0.621953
0.775306
0.840593
0.851534
0.835327
0.802083
0.746449
0.658299
0.534864
0.386679
0.233919
0.095512
-0.022355
-0.131236
-0.255279
-0.417699
-0.625197
-0.858104
-1.071624
-1.208572
-1.218810
-1.077596
-0.795473
-0.415947
-0.002208
0.381582
0.687201
0.891595
0.996272
1.018899
0.982093
0.904732
0.798942
0.672402
0.532652
0.389251
0.251357
0.121761
-0.008491
-0.159911
-0.356157
-0.609378
-0.905779
-1.199614
-1.421210
-1.498397
-1.383755
-1.076029
-0.625387
-0.118914
0.348347
0.704578
0.921243
1.014016
1.025791
1.001399
0.966905
0.922884
0.852939
0.740421
0.582463
0.392954
0.193387
-0.001765
-0.194930
-0.403048
-0.642893
-0.911995
-1.176823
-1.376893
-1.445324
-1.337214
-1.052208
-0.639612
-0.182614
0.231665
0.542593
0.733176
0.826959
0.867777
0.893650
0.918240
0.928457
0.897775
0.806386
0.656055
0.470971
0.284163
0.117535
-0.032365
-0.193431
-0.400768
-0.671260
-0.983502
-1.275024
-1.460598
-1.464831
-1.254574
-0.856064
-0.348489
0.163392
0.585401
0.863142
0.992623
1.009908
0.967093
0.907144
0.848806
0.786250
0.700219
0.572495
0.395601
0.174119
-0.080313
-0.354823
-0.636943
-0.910964
-1.152352
-1.325769
-1.390703
-1.314271
-1.086052
-0.727583
-0.290912
0.154537
0.541935
0.825710
0.991390
1.053303
1.042421
0.990782
0.919673
0.835929
0.736103
0.614317
0.468486
0.301522
0.117869
-0.081086
-0.298421
-0.537668
-0.794821
-1.050879
-1.270026
-1.406180
-1.416536
-1.276969
-0.992852
-0.600541
-0.158677
0.267403
0.622348
0.872856
1.011728
1.053789
1.026351
0.958277
0.871426
0.776811
0.675765
0.564554
0.439690
0.301178
0.152139
-0.004639
-0.170612
-0.352394
-0.557453
-0.785359
-1.018779
-1.220081
-1.337916
-1.323487
-1.150712
-0.831056
-0.414942
0.022622
0.406904
0.687950
0.853663
0.925936
0.942837
0.936719
0.919620
0.882616
0.807634
0.683390
0.515294
0.323482
0.130670
-0.052022
-0.231762
-0.428039
-0.656512
-0.911527
-1.157654
-1.336343
-1.386022
-1.266942
-0.979387
-0.566894
-0.103040
0.332269
0.676904
0.901532
1.010873
1.032814
1.001821
0.944432
0.872352
0.784261
0.673270
0.534860
0.370868
0.188000
-0.007228
-0.213061
-0.432772
-0.669274
-0.916271
-1.150811
-1.332406
-1.411425
-1.345074
-1.115139
-0.739769
-0.273287
0.207264
0.624358
0.922408
1.081516
1.117428
1.068734
0.977900
0.874925
0.770341
0.658954
0.530241
0.378438
0.206605
0.023347
-0.164272
-0.355666
-0.555150
-0.763925
-0.970420
-1.145677
-1.248273
-1.238044
-1.092692
-0.819161
-0.454006
-0.052401
0.328912
0.646822
0.879012
1.021710
1.081689
1.068495
0.991359
0.861147
0.693840
0.510878
0.333966
0.176214
0.034846
-0.109015
-0.281284
-0.499554
-0.758494
-1.023716
-1.238407
-1.341190
-1.288307
-1.070901
-0.720115
-0.297871
0.122779
0.479729
0.737766
0.892984
0.965439
0.984663
0.975084
0.947390
0.898282
0.816726
0.691997
0.518894
0.298196
0.034061
-0.267763
-0.597695
-0.936238
-1.248113
-1.482463
-1.582942
-1.506183
-1.241469
-0.821789
-0.319110
0.176231
0.584060
0.858449
0.996755
1.030467
1.003829
0.951884
0.888822
0.810725
0.708211
0.579097
0.432236
0.280321
0.127397
-0.038971
-0.243260
-0.505365
-0.820247
-1.146160
-1.410441
-1.532898
-1.457137
-1.175281
-0.734153
-0.219871
0.271906
0.666531
0.928880
1.063863
1.102009
1.079502
1.022765
0.943174
0.840991
0.712931
0.557392
0.374679
0.164089
-0.077678
-0.353282
-0.656910
-0.966149
-1.239441
-1.422971
-1.466050
-1.339271
-1.047551
-0.631991
-0.159349
0.296615
0.674442
0.937837
1.078590
1.110712
1.060232
0.955598
0.821607
0.676796
0.532389
0.391056
0.245623
0.079817
-0.126540
-0.387403
-0.698345
-1.028005
-1.318948
-1.500536
-1.510971
-1.320638
-0.946891
-0.453088
0.069040
0.527336
0.856489
1.033921
1.078754
1.035931
0.953872
0.865988
0.783263
0.698771
0.598979
0.474120
0.321996
0.144681
-0.057418
-0.287931
-0.549700
-0.834448
-1.113372
-1.336230
-1.442807
-1.384029
-1.143923
-0.751759
-0.277331
0.190024
0.570331
0.817533
0.929437
0.939707
0.896938
0.841396
0.790220
0.736775
0.662342
0.552332
0.407677
0.245437
0.089019
-0.045828
-0.160841
-0.274816
-0.412439
-0.587705
-0.790424
-0.983182
-1.111366
-1.122747
-0.988550
-0.717016
-0.353527
0.033008
0.372112
0.613324
0.739149
0.764943
0.726932
0.664351
0.603742
0.551801
0.498737
0.428999
0.332928
0.212951
0.081351
-0.048434
-0.171205
-0.293755
-0.429763
-0.587800
-0.758886
-0.911184
-0.996359
-0.966337
-0.793615
-0.485879
-0.087928
0.330464
0.695691
0.951662
1.073023
1.066254
0.960337
0.792895
0.598410
0.402504
0.222161
0.068539
-0.051540
-0.137248
-0.197167
-0.250810
-0.324856
-0.443384
-0.615240
-0.824327
-1.028492
-1.169544
-1.191926
-1.063217
-0.788032
-0.409074
0.005693
0.384891
0.675828
0.858045
0.943393
0.963811
0.953262
0.932460
0.902934
0.851893
0.763829
0.631690
0.461310
0.267078
0.062148
-0.150035
-0.376696
-0.627217
-0.899128
-1.166626
-1.379582
-1.476279
-1.406015
-1.151949
-0.743219
-0.249690
0.239435
0.644243
0.917666
1.054261
1.081849
1.041835
0.968857
0.879404
0.773080
0.642848
0.486007
0.308476
0.120292
-0.073320
-0.277444
-0.503675
-0.757299
-1.022561
-1.255993
-1.394674
-1.378409
-1.176522
-0.806135
-0.331868
0.154286
0.564384
0.843120
0.981069
1.008027
0.971717
0.913603
0.853530
0.788719
0.704398
0.587549
0.435136
0.253046
0.048653
-0.175959
-0.423885
-0.695168
-0.975329
-1.228638
-1.402410
-1.442760
-1.315659
-1.023500
-0.608860
-0.142940
0.296633
0.649173
0.885855
1.010975
1.050893
1.037315
0.993237
0.927317
0.837368
0.718861
0.572214
0.404247
0.223331
0.032161
-0.175972
-0.413176
-0.685588
-0.980085
-1.257093
-1.455753
-1.512006
-1.383225
-1.068573
-0.614930
-0.104380
0.372236
0.744323
0.980488
1.089871
1.107163
1.070464
1.003875
0.912815
0.792024
0.638757
0.461197
0.276041
0.097036
-0.077019
-0.264943
-0.491951
-0.768956
-1.073960
-1.347922
-1.510710
-1.491991
-1.262926
-0.852884
-0.342073
0.167091
0.586498
0.869755
1.018766
1.068853
1.062571
1.026996
0.965643
0.866681
0.719661
0.528778
0.314030
0.100031
-0.099532
-0.290709
-0.494282
-0.728388
-0.988358
-1.236057
-1.406713
-1.432058
-1.269697
-0.924743
-0.453075
0.055748
0.508391
0.837340
1.017989
1.067556
1.028772
0.947649
0.855896
0.764745
0.670320
0.564965
0.446754
0.321615
0.197551
0.075489
-0.056406
-0.219788
-0.434305
-0.702035
-0.996463
-1.263156
-1.434120
-1.451161
-1.288528
-0.964697
-0.537592
-0.085037
0.321027
0.635366
0.846933
0.971373
1.034180
1.054106
1.035211
0.970456
0.853099
0.688019
0.495542
0.304964
0.141089
0.011214
-0.099876
-0.223393
-0.390768
-0.615644
-0.881907
-1.143481
-1.336597
-1.400094
-1.296256
-1.024678
-0.624439
-0.164038
0.277334
0.630991
0.855711
0.945358
0.925284
0.839429
0.733153
0.638213
0.565243
0.505925
0.442960
0.362661
0.264042
0.160185
0.071547
0.014926
-0.006034
-0.003760