0.0007153820478081233
1.7447138957294995e-05
-0.000335693254259386
-3.728820399224518e-05
0.0009440777314879832
0.0021150554919047073
0.002502320790082625
0.0012165558916276105
-0.0017005513206830342
-0.0048444326543686045
-0.0060779592245787
-0.004134775605366529
-0.0001414736772664021
0.0023502284646558513
-0.0005706995415431456
-0.010023439534132745
-0.022388476809799347
-0.03059018235592273
-0.028608054870460316
-0.01660884621280309
-0.0028443700356380964
0.00011324107476591554
-0.01640151667307177
-0.049244001079797595
-0.08156260715282694
-0.08965032259520012
-0.055915080992689686
0.01913967656177503
0.11347989825150237
0.19185458378242531
0.22226098374207806
0.19185458378242531
0.11347989825150237
0.01913967656177503
-0.055915080992689686
-0.08965032259520012
-0.08156260715282694
-0.04924400107979761
-0.016401516673071773
0.00011324107476591554
-0.0028443700356380972
-0.016608846212803095
-0.028608054870460316
-0.030590182355922743
-0.022388476809799357
-0.010023439534132745
-0.0005706995415431459
0.0023502284646558526
-0.0001414736772664021
-0.00413477560536653
-0.006077959224578708
-0.0048444326543686045
-0.0017005513206830355
0.0012165558916276123
0.002502320790082625
0.002115055491904708
0.0009440777314879837
-3.728820399224518e-05
-0.000335693254259386
1.7447138957294995e-05
0.0007153820478081233
